  Columns 1 through 6 

   2.00000000000000  -0.11396203899719  -0.11396203899719   1.00000000000000                  0                  0
  -0.11396203899719   2.00000000000000  -0.11396203899719                  0   1.00000000000000                  0
  -0.11396203899719  -0.11396203899719   2.00000000000000                  0                  0   1.00000000000000

  Columns 7 through 9 

   0.31622776601684   0.11396203899719   0.11396203899719
   0.11396203899719   0.31622776601684   0.11396203899719
   0.11396203899719   0.11396203899719   0.31622776601684